入力文件需要扩展名【txt】文件
且文件名最后一定是【yyyyMMdd】形式的日期

确保每行的书都是如下格顺序
------------------------------------------------
  代码  名称  今开  最高  最低  现价  总量  总金额
------------------------------------------------

-76, -6, -62, -21, 9, 										代码
-46, -69, -54, -42, -71, -55, -54, -3, 9, 					一手股数
-61, -5, -77, -58, 9, 										名称
-79, -93, -63, -12, 9, 										保留
-79, -93, -63, -12, 9, 										保留
-41, -14, -54, -43, 9, 										昨收
-79, -93, -63, -12, 9, 										保留
-79, -93, -63, -12, 10,  									保留
51, 57, 53, 48, 48, 49, 9,									395001
49, 48, 48, 9, 												100
-42, -9, -80, -27, -93, -63, -71, -55, 9, 					主板Ａ股
51, 52, 51, 57, 49, 9, 										34391
50, 9, 														2
52, 54, 50, 46, 48, 48, 9, 									462.00
48, 9, 														0
48, 10, 													0
51, 57, 53, 48, 48, 50, 9, 									395002
49, 48, 48, 9, 												100
-42, -9, -80, -27, -93, -62, -71, -55, 9, 					主板Ｂ股
49, 56, 55, 52, 9, 											1874
50, 9, 														2
52, 56, 46, 48, 48, 9, 										48.00
48, 9, 														0
48, 10, 													0